{
 "cells": [
  {
   "cell_type": "markdown",
   "metadata": {},
   "source": [
    "A faire : \n",
    "- remplir le csv des débris avec leur param orbitaux\n",
    "- trouver les fonctions pour calculer les delta V\n",
    "- extraire les donneés du csv et calculer les delta V\n",
    "- réfléchir à l'optimisation et choisir un algo de regroupement approrié  "
   ]
  },
  {
   "cell_type": "code",
   "execution_count": 1,
   "metadata": {},
   "outputs": [],
   "source": [
    "import numpy as np\n",
    "from numpy import linalg as LA\n",
    "\n",
    "import recoveringDebrisData2 as RDB\n",
    "\n"
   ]
  },
  {
   "cell_type": "code",
   "execution_count": 2,
   "metadata": {},
   "outputs": [
    {
     "data": {
      "text/html": [
       "<div>\n",
       "<style scoped>\n",
       "    .dataframe tbody tr th:only-of-type {\n",
       "        vertical-align: middle;\n",
       "    }\n",
       "\n",
       "    .dataframe tbody tr th {\n",
       "        vertical-align: top;\n",
       "    }\n",
       "\n",
       "    .dataframe thead th {\n",
       "        text-align: right;\n",
       "    }\n",
       "</style>\n",
       "<table border=\"1\" class=\"dataframe\">\n",
       "  <thead>\n",
       "    <tr style=\"text-align: right;\">\n",
       "      <th></th>\n",
       "      <th>a (km)</th>\n",
       "      <th>e</th>\n",
       "      <th>i (rad)</th>\n",
       "      <th>RAAN (rad)</th>\n",
       "      <th>Argument of periapsis (rad)</th>\n",
       "      <th>Mean anomaly (rad)</th>\n",
       "      <th>Date (year)</th>\n",
       "      <th>Date (fraction of year)</th>\n",
       "      <th>Mass (kg)</th>\n",
       "    </tr>\n",
       "  </thead>\n",
       "  <tbody>\n",
       "    <tr>\n",
       "      <th>27001</th>\n",
       "      <td>7345.846706</td>\n",
       "      <td>0.001648</td>\n",
       "      <td>1.447717</td>\n",
       "      <td>2.280484</td>\n",
       "      <td>0.311974</td>\n",
       "      <td>1.567526</td>\n",
       "      <td>2022</td>\n",
       "      <td>2.765585</td>\n",
       "      <td>2500</td>\n",
       "    </tr>\n",
       "    <tr>\n",
       "      <th>27601</th>\n",
       "      <td>7355.429237</td>\n",
       "      <td>0.001302</td>\n",
       "      <td>1.448409</td>\n",
       "      <td>2.242108</td>\n",
       "      <td>5.633387</td>\n",
       "      <td>2.655801</td>\n",
       "      <td>2022</td>\n",
       "      <td>2.866979</td>\n",
       "      <td>3000</td>\n",
       "    </tr>\n",
       "    <tr>\n",
       "      <th>15334</th>\n",
       "      <td>7363.720292</td>\n",
       "      <td>0.002212</td>\n",
       "      <td>1.447597</td>\n",
       "      <td>1.69165</td>\n",
       "      <td>1.518754</td>\n",
       "      <td>0.519326</td>\n",
       "      <td>2022</td>\n",
       "      <td>2.803044</td>\n",
       "      <td>2440</td>\n",
       "    </tr>\n",
       "    <tr>\n",
       "      <th>10732</th>\n",
       "      <td>7351.058569</td>\n",
       "      <td>0.002272</td>\n",
       "      <td>1.4484</td>\n",
       "      <td>6.007598</td>\n",
       "      <td>1.336453</td>\n",
       "      <td>0.656019</td>\n",
       "      <td>2022</td>\n",
       "      <td>2.485558</td>\n",
       "      <td>1435</td>\n",
       "    </tr>\n",
       "    <tr>\n",
       "      <th>24279</th>\n",
       "      <td>7358.536714</td>\n",
       "      <td>0.001806</td>\n",
       "      <td>1.447457</td>\n",
       "      <td>1.710129</td>\n",
       "      <td>5.092853</td>\n",
       "      <td>3.679135</td>\n",
       "      <td>2022</td>\n",
       "      <td>2.889924</td>\n",
       "      <td>2700</td>\n",
       "    </tr>\n",
       "    <tr>\n",
       "      <th>21090</th>\n",
       "      <td>7352.570066</td>\n",
       "      <td>0.003117</td>\n",
       "      <td>1.447607</td>\n",
       "      <td>1.562016</td>\n",
       "      <td>2.354943</td>\n",
       "      <td>0.28344</td>\n",
       "      <td>2022</td>\n",
       "      <td>2.762673</td>\n",
       "      <td>1435</td>\n",
       "    </tr>\n",
       "    <tr>\n",
       "      <th>15772</th>\n",
       "      <td>7362.145344</td>\n",
       "      <td>0.004059</td>\n",
       "      <td>1.447925</td>\n",
       "      <td>0.458528</td>\n",
       "      <td>0.626423</td>\n",
       "      <td>5.663517</td>\n",
       "      <td>2022</td>\n",
       "      <td>2.570119</td>\n",
       "      <td>2440</td>\n",
       "    </tr>\n",
       "    <tr>\n",
       "      <th>10693</th>\n",
       "      <td>7221.518146</td>\n",
       "      <td>0.007061</td>\n",
       "      <td>1.418146</td>\n",
       "      <td>3.025746</td>\n",
       "      <td>5.159024</td>\n",
       "      <td>3.022867</td>\n",
       "      <td>2022</td>\n",
       "      <td>2.947316</td>\n",
       "      <td>1435</td>\n",
       "    </tr>\n",
       "    <tr>\n",
       "      <th>27387</th>\n",
       "      <td>7353.084505</td>\n",
       "      <td>0.002715</td>\n",
       "      <td>1.447641</td>\n",
       "      <td>1.622765</td>\n",
       "      <td>4.951626</td>\n",
       "      <td>3.31607</td>\n",
       "      <td>2022</td>\n",
       "      <td>2.766512</td>\n",
       "      <td>2575</td>\n",
       "    </tr>\n",
       "    <tr>\n",
       "      <th>7594</th>\n",
       "      <td>7361.962732</td>\n",
       "      <td>0.00223</td>\n",
       "      <td>1.447321</td>\n",
       "      <td>3.763893</td>\n",
       "      <td>2.418131</td>\n",
       "      <td>4.788215</td>\n",
       "      <td>2022</td>\n",
       "      <td>2.609669</td>\n",
       "      <td>1435</td>\n",
       "    </tr>\n",
       "    <tr>\n",
       "      <th>23180</th>\n",
       "      <td>7220.203307</td>\n",
       "      <td>0.000605</td>\n",
       "      <td>1.239222</td>\n",
       "      <td>2.731103</td>\n",
       "      <td>5.106147</td>\n",
       "      <td>1.177879</td>\n",
       "      <td>2022</td>\n",
       "      <td>2.796863</td>\n",
       "      <td>1435</td>\n",
       "    </tr>\n",
       "    <tr>\n",
       "      <th>10138</th>\n",
       "      <td>7199.056832</td>\n",
       "      <td>0.003637</td>\n",
       "      <td>1.241084</td>\n",
       "      <td>1.254646</td>\n",
       "      <td>5.893104</td>\n",
       "      <td>2.299911</td>\n",
       "      <td>2022</td>\n",
       "      <td>2.654366</td>\n",
       "      <td>1435</td>\n",
       "    </tr>\n",
       "    <tr>\n",
       "      <th>13917</th>\n",
       "      <td>7352.629114</td>\n",
       "      <td>0.003131</td>\n",
       "      <td>1.447412</td>\n",
       "      <td>3.624344</td>\n",
       "      <td>2.0978</td>\n",
       "      <td>4.192827</td>\n",
       "      <td>2022</td>\n",
       "      <td>2.930714</td>\n",
       "      <td>1435</td>\n",
       "    </tr>\n",
       "    <tr>\n",
       "      <th>13719</th>\n",
       "      <td>7354.79772</td>\n",
       "      <td>0.002194</td>\n",
       "      <td>1.44725</td>\n",
       "      <td>1.431397</td>\n",
       "      <td>1.304848</td>\n",
       "      <td>4.984585</td>\n",
       "      <td>2022</td>\n",
       "      <td>2.656081</td>\n",
       "      <td>1100</td>\n",
       "    </tr>\n",
       "    <tr>\n",
       "      <th>14625</th>\n",
       "      <td>7349.036321</td>\n",
       "      <td>0.002788</td>\n",
       "      <td>1.447695</td>\n",
       "      <td>2.362356</td>\n",
       "      <td>4.316033</td>\n",
       "      <td>3.885136</td>\n",
       "      <td>2022</td>\n",
       "      <td>2.734756</td>\n",
       "      <td>1435</td>\n",
       "    </tr>\n",
       "    <tr>\n",
       "      <th>12092</th>\n",
       "      <td>7460.703133</td>\n",
       "      <td>0.030009</td>\n",
       "      <td>1.723656</td>\n",
       "      <td>2.165701</td>\n",
       "      <td>0.233145</td>\n",
       "      <td>1.574659</td>\n",
       "      <td>2022</td>\n",
       "      <td>2.93134</td>\n",
       "      <td>1435</td>\n",
       "    </tr>\n",
       "    <tr>\n",
       "      <th>9044</th>\n",
       "      <td>7381.815295</td>\n",
       "      <td>0.001409</td>\n",
       "      <td>1.739262</td>\n",
       "      <td>2.610438</td>\n",
       "      <td>0.731597</td>\n",
       "      <td>1.144671</td>\n",
       "      <td>2022</td>\n",
       "      <td>2.94877</td>\n",
       "      <td>1435</td>\n",
       "    </tr>\n",
       "    <tr>\n",
       "      <th>12504</th>\n",
       "      <td>7149.758579</td>\n",
       "      <td>0.003135</td>\n",
       "      <td>1.722457</td>\n",
       "      <td>5.741433</td>\n",
       "      <td>4.360813</td>\n",
       "      <td>1.918553</td>\n",
       "      <td>2022</td>\n",
       "      <td>2.447701</td>\n",
       "      <td>800</td>\n",
       "    </tr>\n",
       "    <tr>\n",
       "      <th>16292</th>\n",
       "      <td>7163.097997</td>\n",
       "      <td>0.007278</td>\n",
       "      <td>1.713569</td>\n",
       "      <td>0.324931</td>\n",
       "      <td>0.646091</td>\n",
       "      <td>1.263072</td>\n",
       "      <td>2022</td>\n",
       "      <td>2.551441</td>\n",
       "      <td>1435</td>\n",
       "    </tr>\n",
       "  </tbody>\n",
       "</table>\n",
       "</div>"
      ],
      "text/plain": [
       "            a (km)         e   i (rad) RAAN (rad) Argument of periapsis (rad)  \\\n",
       "27001  7345.846706  0.001648  1.447717   2.280484                    0.311974   \n",
       "27601  7355.429237  0.001302  1.448409   2.242108                    5.633387   \n",
       "15334  7363.720292  0.002212  1.447597    1.69165                    1.518754   \n",
       "10732  7351.058569  0.002272    1.4484   6.007598                    1.336453   \n",
       "24279  7358.536714  0.001806  1.447457   1.710129                    5.092853   \n",
       "21090  7352.570066  0.003117  1.447607   1.562016                    2.354943   \n",
       "15772  7362.145344  0.004059  1.447925   0.458528                    0.626423   \n",
       "10693  7221.518146  0.007061  1.418146   3.025746                    5.159024   \n",
       "27387  7353.084505  0.002715  1.447641   1.622765                    4.951626   \n",
       "7594   7361.962732   0.00223  1.447321   3.763893                    2.418131   \n",
       "23180  7220.203307  0.000605  1.239222   2.731103                    5.106147   \n",
       "10138  7199.056832  0.003637  1.241084   1.254646                    5.893104   \n",
       "13917  7352.629114  0.003131  1.447412   3.624344                      2.0978   \n",
       "13719   7354.79772  0.002194   1.44725   1.431397                    1.304848   \n",
       "14625  7349.036321  0.002788  1.447695   2.362356                    4.316033   \n",
       "12092  7460.703133  0.030009  1.723656   2.165701                    0.233145   \n",
       "9044   7381.815295  0.001409  1.739262   2.610438                    0.731597   \n",
       "12504  7149.758579  0.003135  1.722457   5.741433                    4.360813   \n",
       "16292  7163.097997  0.007278  1.713569   0.324931                    0.646091   \n",
       "\n",
       "      Mean anomaly (rad) Date (year) Date (fraction of year) Mass (kg)  \n",
       "27001           1.567526        2022                2.765585      2500  \n",
       "27601           2.655801        2022                2.866979      3000  \n",
       "15334           0.519326        2022                2.803044      2440  \n",
       "10732           0.656019        2022                2.485558      1435  \n",
       "24279           3.679135        2022                2.889924      2700  \n",
       "21090            0.28344        2022                2.762673      1435  \n",
       "15772           5.663517        2022                2.570119      2440  \n",
       "10693           3.022867        2022                2.947316      1435  \n",
       "27387            3.31607        2022                2.766512      2575  \n",
       "7594            4.788215        2022                2.609669      1435  \n",
       "23180           1.177879        2022                2.796863      1435  \n",
       "10138           2.299911        2022                2.654366      1435  \n",
       "13917           4.192827        2022                2.930714      1435  \n",
       "13719           4.984585        2022                2.656081      1100  \n",
       "14625           3.885136        2022                2.734756      1435  \n",
       "12092           1.574659        2022                 2.93134      1435  \n",
       "9044            1.144671        2022                 2.94877      1435  \n",
       "12504           1.918553        2022                2.447701       800  \n",
       "16292           1.263072        2022                2.551441      1435  "
      ]
     },
     "execution_count": 2,
     "metadata": {},
     "output_type": "execute_result"
    }
   ],
   "source": [
    "debris_data = RDB.convertTLEtoDF(RDB.recoveringDebrisData())\n",
    "\n",
    "debris_data"
   ]
  },
  {
   "cell_type": "code",
   "execution_count": null,
   "metadata": {},
   "outputs": [
    {
     "data": {
      "text/plain": [
       "19"
      ]
     },
     "execution_count": 7,
     "metadata": {},
     "output_type": "execute_result"
    }
   ],
   "source": [
    "len(debris_data)"
   ]
  },
  {
   "cell_type": "code",
   "execution_count": 10,
   "metadata": {},
   "outputs": [],
   "source": [
    "ordered_debris = debris_data.sort_values(by = [\"RAAN (rad)\"], ascending=False)"
   ]
  },
  {
   "cell_type": "code",
   "execution_count": 11,
   "metadata": {},
   "outputs": [
    {
     "data": {
      "text/html": [
       "<div>\n",
       "<style scoped>\n",
       "    .dataframe tbody tr th:only-of-type {\n",
       "        vertical-align: middle;\n",
       "    }\n",
       "\n",
       "    .dataframe tbody tr th {\n",
       "        vertical-align: top;\n",
       "    }\n",
       "\n",
       "    .dataframe thead th {\n",
       "        text-align: right;\n",
       "    }\n",
       "</style>\n",
       "<table border=\"1\" class=\"dataframe\">\n",
       "  <thead>\n",
       "    <tr style=\"text-align: right;\">\n",
       "      <th></th>\n",
       "      <th>a (km)</th>\n",
       "      <th>e</th>\n",
       "      <th>i (rad)</th>\n",
       "      <th>RAAN (rad)</th>\n",
       "      <th>Argument of periapsis (rad)</th>\n",
       "      <th>Mean anomaly (rad)</th>\n",
       "      <th>Date (year)</th>\n",
       "      <th>Date (fraction of year)</th>\n",
       "      <th>Mass (kg)</th>\n",
       "    </tr>\n",
       "  </thead>\n",
       "  <tbody>\n",
       "    <tr>\n",
       "      <th>10732</th>\n",
       "      <td>7351.058569</td>\n",
       "      <td>0.002272</td>\n",
       "      <td>1.4484</td>\n",
       "      <td>6.007598</td>\n",
       "      <td>1.336453</td>\n",
       "      <td>0.656019</td>\n",
       "      <td>2022</td>\n",
       "      <td>2.485558</td>\n",
       "      <td>1435</td>\n",
       "    </tr>\n",
       "    <tr>\n",
       "      <th>12504</th>\n",
       "      <td>7149.758579</td>\n",
       "      <td>0.003135</td>\n",
       "      <td>1.722457</td>\n",
       "      <td>5.741433</td>\n",
       "      <td>4.360813</td>\n",
       "      <td>1.918553</td>\n",
       "      <td>2022</td>\n",
       "      <td>2.447701</td>\n",
       "      <td>800</td>\n",
       "    </tr>\n",
       "    <tr>\n",
       "      <th>7594</th>\n",
       "      <td>7361.962732</td>\n",
       "      <td>0.00223</td>\n",
       "      <td>1.447321</td>\n",
       "      <td>3.763893</td>\n",
       "      <td>2.418131</td>\n",
       "      <td>4.788215</td>\n",
       "      <td>2022</td>\n",
       "      <td>2.609669</td>\n",
       "      <td>1435</td>\n",
       "    </tr>\n",
       "    <tr>\n",
       "      <th>13917</th>\n",
       "      <td>7352.629114</td>\n",
       "      <td>0.003131</td>\n",
       "      <td>1.447412</td>\n",
       "      <td>3.624344</td>\n",
       "      <td>2.0978</td>\n",
       "      <td>4.192827</td>\n",
       "      <td>2022</td>\n",
       "      <td>2.930714</td>\n",
       "      <td>1435</td>\n",
       "    </tr>\n",
       "    <tr>\n",
       "      <th>10693</th>\n",
       "      <td>7221.518146</td>\n",
       "      <td>0.007061</td>\n",
       "      <td>1.418146</td>\n",
       "      <td>3.025746</td>\n",
       "      <td>5.159024</td>\n",
       "      <td>3.022867</td>\n",
       "      <td>2022</td>\n",
       "      <td>2.947316</td>\n",
       "      <td>1435</td>\n",
       "    </tr>\n",
       "    <tr>\n",
       "      <th>23180</th>\n",
       "      <td>7220.203307</td>\n",
       "      <td>0.000605</td>\n",
       "      <td>1.239222</td>\n",
       "      <td>2.731103</td>\n",
       "      <td>5.106147</td>\n",
       "      <td>1.177879</td>\n",
       "      <td>2022</td>\n",
       "      <td>2.796863</td>\n",
       "      <td>1435</td>\n",
       "    </tr>\n",
       "    <tr>\n",
       "      <th>9044</th>\n",
       "      <td>7381.815295</td>\n",
       "      <td>0.001409</td>\n",
       "      <td>1.739262</td>\n",
       "      <td>2.610438</td>\n",
       "      <td>0.731597</td>\n",
       "      <td>1.144671</td>\n",
       "      <td>2022</td>\n",
       "      <td>2.94877</td>\n",
       "      <td>1435</td>\n",
       "    </tr>\n",
       "    <tr>\n",
       "      <th>14625</th>\n",
       "      <td>7349.036321</td>\n",
       "      <td>0.002788</td>\n",
       "      <td>1.447695</td>\n",
       "      <td>2.362356</td>\n",
       "      <td>4.316033</td>\n",
       "      <td>3.885136</td>\n",
       "      <td>2022</td>\n",
       "      <td>2.734756</td>\n",
       "      <td>1435</td>\n",
       "    </tr>\n",
       "    <tr>\n",
       "      <th>27001</th>\n",
       "      <td>7345.846706</td>\n",
       "      <td>0.001648</td>\n",
       "      <td>1.447717</td>\n",
       "      <td>2.280484</td>\n",
       "      <td>0.311974</td>\n",
       "      <td>1.567526</td>\n",
       "      <td>2022</td>\n",
       "      <td>2.765585</td>\n",
       "      <td>2500</td>\n",
       "    </tr>\n",
       "    <tr>\n",
       "      <th>27601</th>\n",
       "      <td>7355.429237</td>\n",
       "      <td>0.001302</td>\n",
       "      <td>1.448409</td>\n",
       "      <td>2.242108</td>\n",
       "      <td>5.633387</td>\n",
       "      <td>2.655801</td>\n",
       "      <td>2022</td>\n",
       "      <td>2.866979</td>\n",
       "      <td>3000</td>\n",
       "    </tr>\n",
       "    <tr>\n",
       "      <th>12092</th>\n",
       "      <td>7460.703133</td>\n",
       "      <td>0.030009</td>\n",
       "      <td>1.723656</td>\n",
       "      <td>2.165701</td>\n",
       "      <td>0.233145</td>\n",
       "      <td>1.574659</td>\n",
       "      <td>2022</td>\n",
       "      <td>2.93134</td>\n",
       "      <td>1435</td>\n",
       "    </tr>\n",
       "    <tr>\n",
       "      <th>24279</th>\n",
       "      <td>7358.536714</td>\n",
       "      <td>0.001806</td>\n",
       "      <td>1.447457</td>\n",
       "      <td>1.710129</td>\n",
       "      <td>5.092853</td>\n",
       "      <td>3.679135</td>\n",
       "      <td>2022</td>\n",
       "      <td>2.889924</td>\n",
       "      <td>2700</td>\n",
       "    </tr>\n",
       "    <tr>\n",
       "      <th>15334</th>\n",
       "      <td>7363.720292</td>\n",
       "      <td>0.002212</td>\n",
       "      <td>1.447597</td>\n",
       "      <td>1.69165</td>\n",
       "      <td>1.518754</td>\n",
       "      <td>0.519326</td>\n",
       "      <td>2022</td>\n",
       "      <td>2.803044</td>\n",
       "      <td>2440</td>\n",
       "    </tr>\n",
       "    <tr>\n",
       "      <th>27387</th>\n",
       "      <td>7353.084505</td>\n",
       "      <td>0.002715</td>\n",
       "      <td>1.447641</td>\n",
       "      <td>1.622765</td>\n",
       "      <td>4.951626</td>\n",
       "      <td>3.31607</td>\n",
       "      <td>2022</td>\n",
       "      <td>2.766512</td>\n",
       "      <td>2575</td>\n",
       "    </tr>\n",
       "    <tr>\n",
       "      <th>21090</th>\n",
       "      <td>7352.570066</td>\n",
       "      <td>0.003117</td>\n",
       "      <td>1.447607</td>\n",
       "      <td>1.562016</td>\n",
       "      <td>2.354943</td>\n",
       "      <td>0.28344</td>\n",
       "      <td>2022</td>\n",
       "      <td>2.762673</td>\n",
       "      <td>1435</td>\n",
       "    </tr>\n",
       "    <tr>\n",
       "      <th>13719</th>\n",
       "      <td>7354.79772</td>\n",
       "      <td>0.002194</td>\n",
       "      <td>1.44725</td>\n",
       "      <td>1.431397</td>\n",
       "      <td>1.304848</td>\n",
       "      <td>4.984585</td>\n",
       "      <td>2022</td>\n",
       "      <td>2.656081</td>\n",
       "      <td>1100</td>\n",
       "    </tr>\n",
       "    <tr>\n",
       "      <th>10138</th>\n",
       "      <td>7199.056832</td>\n",
       "      <td>0.003637</td>\n",
       "      <td>1.241084</td>\n",
       "      <td>1.254646</td>\n",
       "      <td>5.893104</td>\n",
       "      <td>2.299911</td>\n",
       "      <td>2022</td>\n",
       "      <td>2.654366</td>\n",
       "      <td>1435</td>\n",
       "    </tr>\n",
       "    <tr>\n",
       "      <th>15772</th>\n",
       "      <td>7362.145344</td>\n",
       "      <td>0.004059</td>\n",
       "      <td>1.447925</td>\n",
       "      <td>0.458528</td>\n",
       "      <td>0.626423</td>\n",
       "      <td>5.663517</td>\n",
       "      <td>2022</td>\n",
       "      <td>2.570119</td>\n",
       "      <td>2440</td>\n",
       "    </tr>\n",
       "    <tr>\n",
       "      <th>16292</th>\n",
       "      <td>7163.097997</td>\n",
       "      <td>0.007278</td>\n",
       "      <td>1.713569</td>\n",
       "      <td>0.324931</td>\n",
       "      <td>0.646091</td>\n",
       "      <td>1.263072</td>\n",
       "      <td>2022</td>\n",
       "      <td>2.551441</td>\n",
       "      <td>1435</td>\n",
       "    </tr>\n",
       "  </tbody>\n",
       "</table>\n",
       "</div>"
      ],
      "text/plain": [
       "            a (km)         e   i (rad) RAAN (rad) Argument of periapsis (rad)  \\\n",
       "10732  7351.058569  0.002272    1.4484   6.007598                    1.336453   \n",
       "12504  7149.758579  0.003135  1.722457   5.741433                    4.360813   \n",
       "7594   7361.962732   0.00223  1.447321   3.763893                    2.418131   \n",
       "13917  7352.629114  0.003131  1.447412   3.624344                      2.0978   \n",
       "10693  7221.518146  0.007061  1.418146   3.025746                    5.159024   \n",
       "23180  7220.203307  0.000605  1.239222   2.731103                    5.106147   \n",
       "9044   7381.815295  0.001409  1.739262   2.610438                    0.731597   \n",
       "14625  7349.036321  0.002788  1.447695   2.362356                    4.316033   \n",
       "27001  7345.846706  0.001648  1.447717   2.280484                    0.311974   \n",
       "27601  7355.429237  0.001302  1.448409   2.242108                    5.633387   \n",
       "12092  7460.703133  0.030009  1.723656   2.165701                    0.233145   \n",
       "24279  7358.536714  0.001806  1.447457   1.710129                    5.092853   \n",
       "15334  7363.720292  0.002212  1.447597    1.69165                    1.518754   \n",
       "27387  7353.084505  0.002715  1.447641   1.622765                    4.951626   \n",
       "21090  7352.570066  0.003117  1.447607   1.562016                    2.354943   \n",
       "13719   7354.79772  0.002194   1.44725   1.431397                    1.304848   \n",
       "10138  7199.056832  0.003637  1.241084   1.254646                    5.893104   \n",
       "15772  7362.145344  0.004059  1.447925   0.458528                    0.626423   \n",
       "16292  7163.097997  0.007278  1.713569   0.324931                    0.646091   \n",
       "\n",
       "      Mean anomaly (rad) Date (year) Date (fraction of year) Mass (kg)  \n",
       "10732           0.656019        2022                2.485558      1435  \n",
       "12504           1.918553        2022                2.447701       800  \n",
       "7594            4.788215        2022                2.609669      1435  \n",
       "13917           4.192827        2022                2.930714      1435  \n",
       "10693           3.022867        2022                2.947316      1435  \n",
       "23180           1.177879        2022                2.796863      1435  \n",
       "9044            1.144671        2022                 2.94877      1435  \n",
       "14625           3.885136        2022                2.734756      1435  \n",
       "27001           1.567526        2022                2.765585      2500  \n",
       "27601           2.655801        2022                2.866979      3000  \n",
       "12092           1.574659        2022                 2.93134      1435  \n",
       "24279           3.679135        2022                2.889924      2700  \n",
       "15334           0.519326        2022                2.803044      2440  \n",
       "27387            3.31607        2022                2.766512      2575  \n",
       "21090            0.28344        2022                2.762673      1435  \n",
       "13719           4.984585        2022                2.656081      1100  \n",
       "10138           2.299911        2022                2.654366      1435  \n",
       "15772           5.663517        2022                2.570119      2440  \n",
       "16292           1.263072        2022                2.551441      1435  "
      ]
     },
     "execution_count": 11,
     "metadata": {},
     "output_type": "execute_result"
    }
   ],
   "source": [
    "ordered_debris"
   ]
  },
  {
   "cell_type": "code",
   "execution_count": 3,
   "metadata": {},
   "outputs": [],
   "source": [
    "def kep2cart(coe, mu) : \n",
    "\n",
    "    # TA = true anomaly\n",
    "    # RA = longitude du noeud ascendant (grand omega)\n",
    "\ta, e, i, w, RA, TA = coe\n",
    "\n",
    "\th = np.sqrt(mu * a * (1 - e**2))\n",
    "\n",
    "\trp = (h**2/mu)*(1/(1+e*np.cos(TA)))*np.array([np.cos(TA), np.sin(TA), 0])\n",
    "\tvp = mu/h*np.array([-np.sin(TA), e+np.cos(TA), 0])\n",
    "\n",
    "\n",
    "\tR1 = np.array([ [np.cos(w), -np.sin(w), 0.],\n",
    "\t\t\t        [np.sin(w),  np.cos(w), 0.],\n",
    "\t\t\t        [             0.,               0., 1.] ])\n",
    "\n",
    "\tR2 = np.array([ [1.,               0.,               0.],\n",
    "\t\t            [0.,      np.cos(i),     -np.sin(i)],\n",
    "\t\t            [0.,      np.sin(i),      np.cos(i)] ])\n",
    "\n",
    "\tR3 = np.array([ [np.cos(RA), -np.sin(RA),     0.],\n",
    "\t\t            [np.sin(RA),  np.cos(RA),     0.],\n",
    "\t\t            [             0.,               0.,     1.] ])\n",
    "\n",
    "\tM = R3.dot(R2.dot(R1))\n",
    "\n",
    "\tr = M.dot(rp)\n",
    "\tv = M.dot(vp)\n",
    "\t\n",
    "\treturn [-r, -v]\n",
    "\n",
    "def angular_momentum(r_v):\n",
    "    r = r_v[0]\n",
    "    v = r_v[1]\n",
    "    return np.cross(r,v)"
   ]
  },
  {
   "cell_type": "code",
   "execution_count": 4,
   "metadata": {},
   "outputs": [],
   "source": [
    "## UTILISATION DES FORMULES DU BE OPTIMISATION SPATIALE \n",
    "\n",
    "\n",
    "#hyp : orbites circulaires car très faibles e, donc vitesse instantanée constante\n",
    "\n",
    "# calcul du module de la vitesse sur l'orbite\n",
    "def calcul_V(a):\n",
    "    # param gravitationnel standard terreste mu = G*mTerre\n",
    "    mu = 398600.4418\n",
    "    V = np.sqrt(mu/a)\n",
    "    return V\n",
    "\n",
    "# calcul du module de la vitesse à partir des composantes du vecteur vitesse\n",
    "def calcul_Vnorm(Vr, Vt, Vn):\n",
    "    return np.sqrt(Vr**2 + Vt**2 + Vn**2)\n",
    "\n",
    "\n",
    "def alpha(w, M):\n",
    "    return w + M\n",
    "\n",
    "def e_x(e, w):\n",
    "    return e*np.cos(w)\n",
    "\n",
    "def e_y(e,w):\n",
    "    return e*np.sin(w)\n",
    "\n",
    "def derive_omega(a, i, w, M, e, omega, nu, mass):\n",
    "    alpha = w + M\n",
    "    mu = 398600.4418\n",
    "    orbital_param = (a, e, i, w, omega, nu)\n",
    "    position_velocity = kep2cart(orbital_param, mu)\n",
    "    h = angular_momentum(position_velocity)\n",
    "    n = LA.norm(np.cross(np.array[0,0,1],h))\n",
    "    position = position_velocity[0]\n",
    "    Fgravi = ((mu*mass)/LA.norm(position)**3)*position\n",
    "    W = np.dot(Fgravi,h)/LA.norm(h)\n",
    "    derive = (np.sin(alpha)*W)/(n*a*np.sin(i))\n",
    "    return derive\n",
    "\n",
    "\n",
    "\n",
    "# dérive relative du RAAN (effet gravitationnel J2) entre deux orbites\n",
    "def derive_relative(derive1,derive2):\n",
    "    return derive1 - derive2\n",
    "\n",
    "\n",
    "# modification du demi grand-axe \n",
    "def deltaV_a(a1, a2):\n",
    "    V = calcul_V(a1)\n",
    "    delta_a = np.abs(a1 - a2)\n",
    "    delta_Vt = (delta_a*V)/(2*a1)\n",
    "    return delta_Vt\n",
    "\n",
    "# modification de l'inclinaison (à faire à l'un des noeuds)\n",
    "def deltaV_i(i1, i2, V1):\n",
    "    delta_i = np.abs(i2 - i1)\n",
    "    delta_Vn = delta_i*V1\n",
    "    delta_Vn = 2 * V1 * np.sin(np.abs(i2 - i1) / 2)\n",
    "    return delta_Vn\n",
    "\n",
    "# modification de l'argument du périgée (à faire quand l'anomalie vraiei vaut +- delta_w/2 + k*pi)\n",
    "def deltaV_w(w1, w2, omega, a, e, i, mass):\n",
    "    mu = 398600.4418\n",
    "    delta_w = np.abs(w2 - w1)\n",
    "    nu = delta_w/2\n",
    "    orbital_param = (a, e, i, w1, omega, nu)\n",
    "    position_velocity = kep2cart(orbital_param, mu)\n",
    "    L = angular_momentum(position_velocity)\n",
    "    deltaV = (1/L)*2*mu*e*np.sin(delta_w/2)\n",
    "    return LA.norm(deltaV)"
   ]
  },
  {
   "cell_type": "code",
   "execution_count": 5,
   "metadata": {},
   "outputs": [
    {
     "data": {
      "text/plain": [
       "array([7345.846705906664, 0.001648, 1.4477174532735084,\n",
       "       2.2804838525700832, 0.3119741131354824, 1.5675255797766592, 2022,\n",
       "       2.7655848, 2500], dtype=object)"
      ]
     },
     "execution_count": 5,
     "metadata": {},
     "output_type": "execute_result"
    }
   ],
   "source": [
    "# Exemple entre deux orbites : \n",
    "\n",
    "# Etapes : \n",
    "# - d'abord laisser dériver RAAN\n",
    "# - puis manoeuvre pour avoir i = i2\n",
    "# - puis manoeuvre pour avoir w = w2\n",
    "# - puis manoeuvre pour avoir a = a2 \n",
    "\n",
    "# orbite 1 (orbite initiale) : \n",
    "\n",
    "debris_data.values[0]\n"
   ]
  },
  {
   "cell_type": "code",
   "execution_count": 6,
   "metadata": {},
   "outputs": [
    {
     "name": "stdout",
     "output_type": "stream",
     "text": [
      "1.5221157577708886\n",
      "0.031362785762579205\n",
      "0.07359904817104836\n"
     ]
    }
   ],
   "source": [
    "\n",
    "\n",
    "a, e, i, omega, w, M, mass = debris_data.values[0][0], debris_data.values[0][1], debris_data.values[0][2], debris_data.values[0][3], debris_data.values[0][4], debris_data.values[0][5], debris_data.values[0][7]\n",
    "\n",
    "\n",
    "a2, e2, i2, omega2, w2, M2, mass2 = debris_data.values[11][0], debris_data.values[11][1], debris_data.values[11][2], debris_data.values[11][3], debris_data.values[11][4], debris_data.values[11][5], debris_data.values[11][7] \n",
    "\n",
    "#Coût pour la manoeuvre sur i : \n",
    "V1 = calcul_V(a)\n",
    "delta_V_i = deltaV_i(i, i2, V1)\n",
    "print(delta_V_i)\n",
    "i = i2\n",
    "\n",
    "#Coût pour la manoeuvre sur w : \n",
    "\n",
    "delta_V_w = deltaV_w(w, w2, omega, a, e, i, mass)\n",
    "print(delta_V_w)\n",
    "w = w2\n",
    "\n",
    "#Coût pour la manoeuvre sur a :\n",
    "\n",
    "delta_V_a = deltaV_a(a, a2)\n",
    "print(delta_V_a)\n",
    "a = a2\n",
    "\n",
    "\n"
   ]
  },
  {
   "cell_type": "code",
   "execution_count": 19,
   "metadata": {},
   "outputs": [],
   "source": [
    "def deltaV_tot(i,j):\n",
    "    a, e, i, omega, w, M, mass = ordered_debris.values[i][0], ordered_debris.values[i][1], ordered_debris.values[i][2], ordered_debris.values[i][3], ordered_debris.values[i][4], ordered_debris.values[i][5], ordered_debris.values[i][7]\n",
    "\n",
    "    a2, e2, i2, omega2, w2, M2, mass2 = ordered_debris.values[j][0], ordered_debris.values[j][1], ordered_debris.values[j][2], ordered_debris.values[j][3], ordered_debris.values[j][4], ordered_debris.values[j][5], ordered_debris.values[j][7] \n",
    "\n",
    "    #Coût pour la manoeuvre sur i : \n",
    "    V1 = calcul_V(a)\n",
    "    delta_V_i = deltaV_i(i, i2, V1)\n",
    "    #print(delta_V_i)\n",
    "    i = i2\n",
    "\n",
    "    #Coût pour la manoeuvre sur w : \n",
    "\n",
    "    delta_V_w = deltaV_w(w, w2, omega, a, e, i, mass)\n",
    "    #print(delta_V_w)\n",
    "    w = w2\n",
    "\n",
    "    #Coût pour la manoeuvre sur a :\n",
    "\n",
    "    delta_V_a = deltaV_a(a, a2)\n",
    "    #print(delta_V_a)\n",
    "    a = a2\n",
    "\n",
    "    delta_V_tot = delta_V_i + delta_V_w + delta_V_a\n",
    "    return delta_V_tot\n",
    "\n",
    "dict = {}\n",
    "deltaV_matrix = np.zeros((len(ordered_debris), len(ordered_debris)))\n",
    "for i in range(len(ordered_debris)):\n",
    "    for j in range (i+1, len(ordered_debris)):\n",
    "        dict[f\"Total delta V between debris number {i} and {j} is \"] = deltaV_tot(i,j)\n",
    "        deltaV_matrix[i][j] = deltaV_tot(i,j)"
   ]
  },
  {
   "cell_type": "code",
   "execution_count": 20,
   "metadata": {},
   "outputs": [
    {
     "name": "stdout",
     "output_type": "stream",
     "text": [
